+46701740605
+46701740606
+46701740607
+46701740608
+46701740609
+46701740610
+46701740611
+46701740612
+46701740613
+46701740614
+46701740615
+46701740616
+46701740617
+46701740618
+46701740619
+46701740620
+46701740621
+46701740622
+46701740623
+46701740624
+46701740625
+46701740626
+46701740627
+46701740628
+46701740629
+46701740630
+46701740631
+46701740632
+46701740633
+46701740634
+46701740635
+46701740636
+46701740637
+46701740638
+46701740639
+46701740640
+46701740641
+46701740642
+46701740643
+46701740644
+46701740645
+46701740646
+46701740647
+46701740648
+46701740649
+46701740650
+46701740651
+46701740652
+46701740653
+46701740654
+46701740655
+46701740656
+46701740657
+46701740658
+46701740659
+46701740660
+46701740661
+46701740662
+46701740663
+46701740664
+46701740665
+46701740666
+46701740667
+46701740668
+46701740669
+46701740670
+46701740671
+46701740672
+46701740673
+46701740674
+46701740675
+46701740676
+46701740677
+46701740678
+46701740679
+46701740680
+46701740681
+46701740682
+46701740683
+46701740684
+46701740685
+46701740686
+46701740687
+46701740688
+46701740689
+46701740690
+46701740691
+46701740692
+46701740693
+46701740694
+46701740695
+46701740696
+46701740697
+46701740698
+46701740699